194.784 47.7761
reshaped [[[175 183 194]
  [175 183 194]
  [175 183 194]
  ..., 
  [ 72  87  96]
  [ 74  89  98]
  [ 70  85  94]]

 [[175 183 194]
  [175 183 194]
  [175 183 194]
  ..., 
  [ 67  82  91]
  [ 68  83  92]
  [ 68  83  92]]

 [[174 183 194]
  [174 183 194]
  [175 183 194]
  ..., 
  [ 66  81  90]
  [ 64  80  89]
  [ 66  81  89]]

 ..., 
 [[ 66  75  81]
  [ 62  71  77]
  [ 59  68  74]
  ..., 
  [ 47  61  75]
  [ 47  57  70]
  [ 48  59  72]]

 [[ 63  72  78]
  [ 58  67  73]
  [ 54  63  70]
  ..., 
  [ 48  62  76]
  [ 47  56  69]
  [ 47  57  70]]

 [[ 60  69  75]
  [ 54  63  69]
  [ 51  60  67]
  ..., 
  [ 51  65  79]
  [ 47  57  70]
  [ 47  58  71]]]
img [[[255 255 255]
  [255 255 255]
  [255 255 255]
  ..., 
  [ 49  63  59]
  [ 53  67  63]
  [ 45  59  55]]

 [[255 255 255]
  [255 255 255]
  [255 255 255]
  ..., 
  [ 39  53  49]
  [ 41  55  51]
  [ 41  55  51]]

 [[253 255 255]
  [253 255 255]
  [255 255 255]
  ..., 
  [ 37  51  47]
  [ 34  48  44]
  [ 37  51  45]]

 ..., 
 [[ 38  39  29]
  [ 29  30  20]
  [ 23  24  15]
  ..., 
  [  0  10  17]
  [  0   3   6]
  [  2   7  10]]

 [[ 31  32  22]
  [ 21  22  12]
  [ 14  15   6]
  ..., 
  [  2  12  19]
  [  0   0   5]
  [  0   3   6]]

 [[ 25  26  16]
  [ 14  15   5]
  [  8   9   0]
  ..., 
  [  7  19  25]
  [  0   3   7]
  [  0   5   8]]]
(127, 127, 3)
(127, 127, 3)
0.5 0.5 0.5
195.035 46.129
reshaped [[[175 182 195]
  [175 182 195]
  [175 182 195]
  ..., 
  [ 71  88  96]
  [ 73  90  98]
  [ 69  86  94]]

 [[175 182 195]
  [175 182 195]
  [175 182 195]
  ..., 
  [ 66  83  91]
  [ 67  84  92]
  [ 67  84  92]]

 [[174 183 194]
  [174 183 194]
  [175 182 195]
  ..., 
  [ 65  82  90]
  [ 64  81  89]
  [ 65  82  89]]

 ..., 
 [[ 67  74  82]
  [ 63  69  77]
  [ 60  66  75]
  ..., 
  [ 48  60  76]
  [ 49  55  70]
  [ 50  57  72]]

 [[ 64  70  78]
  [ 59  65  73]
  [ 56  61  70]
  ..., 
  [ 49  61  77]
  [ 50  52  70]
  [ 49  55  70]]

 [[ 61  67  75]
  [ 56  61  70]
  [ 53  58  67]
  ..., 
  [ 51  65  79]
  [ 49  55  71]
  [ 49  56  71]]]
img [[[255 255 255]
  [255 255 255]
  [255 255 255]
  ..., 
  [ 49  63  59]
  [ 53  67  63]
  [ 45  59  55]]

 [[255 255 255]
  [255 255 255]
  [255 255 255]
  ..., 
  [ 39  53  49]
  [ 41  55  51]
  [ 41  55  51]]

 [[253 255 255]
  [253 255 255]
  [255 255 255]
  ..., 
  [ 37  51  47]
  [ 34  48  44]
  [ 37  51  45]]

 ..., 
 [[ 38  39  29]
  [ 29  30  20]
  [ 23  24  15]
  ..., 
  [  0  10  17]
  [  0   3   6]
  [  2   7  10]]

 [[ 31  32  22]
  [ 21  22  12]
  [ 14  15   6]
  ..., 
  [  2  12  19]
  [  0   0   5]
  [  0   3   6]]

 [[ 25  26  16]
  [ 14  15   5]
  [  8   9   0]
  ..., 
  [  7  19  25]
  [  0   3   7]
  [  0   5   8]]]
(127, 127, 3)
(127, 127, 3)
0.5 0.5 1
195.285 44.4819
reshaped [[[176 181 195]
  [176 181 195]
  [176 181 195]
  ..., 
  [ 70  89  96]
  [ 72  91  98]
  [ 68  87  94]]

 [[176 181 195]
  [176 181 195]
  [176 181 195]
  ..., 
  [ 65  84  91]
  [ 66  85  92]
  [ 66  85  92]]

 [[175 182 195]
  [175 182 195]
  [176 181 195]
  ..., 
  [ 64  83  90]
  [ 63  82  88]
  [ 64  83  89]]

 ..., 
 [[ 69  72  82]
  [ 64  67  78]
  [ 61  64  75]
  ..., 
  [ 49  58  76]
  [ 51  52  71]
  [ 51  55  73]]

 [[ 65  68  79]
  [ 60  63  74]
  [ 57  59  71]
  ..., 
  [ 50  59  77]
  [ 52  49  71]
  [ 51  52  71]]

 [[ 62  65  76]
  [ 57  60  70]
  [ 54  56  68]
  ..., 
  [ 51  64  80]
  [ 51  52  72]
  [ 50  54  72]]]
img [[[255 255 255]
  [255 255 255]
  [255 255 255]
  ..., 
  [ 49  63  59]
  [ 53  67  63]
  [ 45  59  55]]

 [[255 255 255]
  [255 255 255]
  [255 255 255]
  ..., 
  [ 39  53  49]
  [ 41  55  51]
  [ 41  55  51]]

 [[253 255 255]
  [253 255 255]
  [255 255 255]
  ..., 
  [ 37  51  47]
  [ 34  48  44]
  [ 37  51  45]]

 ..., 
 [[ 38  39  29]
  [ 29  30  20]
  [ 23  24  15]
  ..., 
  [  0  10  17]
  [  0   3   6]
  [  2   7  10]]

 [[ 31  32  22]
  [ 21  22  12]
  [ 14  15   6]
  ..., 
  [  2  12  19]
  [  0   0   5]
  [  0   3   6]]

 [[ 25  26  16]
  [ 14  15   5]
  [  8   9   0]
  ..., 
  [  7  19  25]
  [  0   3   7]
  [  0   5   8]]]
(127, 127, 3)
(127, 127, 3)
0.5 0.5 1.5
197.817 46.6813
reshaped [[[189 189 178]
  [189 189 178]
  [189 189 178]
  ..., 
  [ 76  89  91]
  [ 79  91  93]
  [ 74  87  89]]

 [[189 189 178]
  [189 189 178]
  [189 189 178]
  ..., 
  [ 71  84  86]
  [ 72  85  87]
  [ 72  85  87]]

 [[187 189 178]
  [187 189 178]
  [189 189 178]
  ..., 
  [ 70  83  85]
  [ 68  81  84]
  [ 70  83  84]]

 ..., 
 [[ 74  78  72]
  [ 69  74  68]
  [ 65  70  66]
  ..., 
  [ 48  61  74]
  [ 50  58  66]
  [ 51  60  69]]

 [[ 70  75  69]
  [ 65  70  64]
  [ 61  66  62]
  ..., 
  [ 49  62  75]
  [ 50  57  66]
  [ 50  58  66]]

 [[ 67  72  66]
  [ 61  66  61]
  [ 57  63  59]
  ..., 
  [ 52  66  78]
  [ 50  58  67]
  [ 50  59  68]]]
img [[[255 255 255]
  [255 255 255]
  [255 255 255]
  ..., 
  [ 49  63  59]
  [ 53  67  63]
  [ 45  59  55]]

 [[255 255 255]
  [255 255 255]
  [255 255 255]
  ..., 
  [ 39  53  49]
  [ 41  55  51]
  [ 41  55  51]]

 [[253 255 255]
  [253 255 255]
  [255 255 255]
  ..., 
  [ 37  51  47]
  [ 34  48  44]
  [ 37  51  45]]

 ..., 
 [[ 38  39  29]
  [ 29  30  20]
  [ 23  24  15]
  ..., 
  [  0  10  17]
  [  0   3   6]
  [  2   7  10]]

 [[ 31  32  22]
  [ 21  22  12]
  [ 14  15   6]
  ..., 
  [  2  12  19]
  [  0   0   5]
  [  0   3   6]]

 [[ 25  26  16]
  [ 14  15   5]
  [  8   9   0]
  ..., 
  [  7  19  25]
  [  0   3   7]
  [  0   5   8]]]
(127, 127, 3)
(127, 127, 3)
0.5 1 0.5
196.687 45.0342
reshaped [[[189 188 178]
  [189 188 178]
  [189 188 178]
  ..., 
  [ 76  90  90]
  [ 78  92  92]
  [ 73  88  89]]

 [[189 188 178]
  [189 188 178]
  [189 188 178]
  ..., 
  [ 70  85  86]
  [ 71  86  87]
  [ 71  86  87]]

 [[188 188 178]
  [188 188 178]
  [189 188 178]
  ..., 
  [ 69  84  85]
  [ 68  82  84]
  [ 70  84  83]]

 ..., 
 [[ 75  77  73]
  [ 70  72  69]
  [ 67  69  67]
  ..., 
  [ 49  60  75]
  [ 52  56  67]
  [ 52  58  69]]

 [[ 71  73  69]
  [ 66  68  65]
  [ 62  64  63]
  ..., 
  [ 50  61  76]
  [ 52  54  67]
  [ 52  56  67]]

 [[ 68  70  67]
  [ 62  64  62]
  [ 59  61  60]
  ..., 
  [ 52  65  78]
  [ 52  56  68]
  [ 51  57  68]]]
img [[[255 255 255]
  [255 255 255]
  [255 255 255]
  ..., 
  [ 49  63  59]
  [ 53  67  63]
  [ 45  59  55]]

 [[255 255 255]
  [255 255 255]
  [255 255 255]
  ..., 
  [ 39  53  49]
  [ 41  55  51]
  [ 41  55  51]]

 [[253 255 255]
  [253 255 255]
  [255 255 255]
  ..., 
  [ 37  51  47]
  [ 34  48  44]
  [ 37  51  45]]

 ..., 
 [[ 38  39  29]
  [ 29  30  20]
  [ 23  24  15]
  ..., 
  [  0  10  17]
  [  0   3   6]
  [  2   7  10]]

 [[ 31  32  22]
  [ 21  22  12]
  [ 14  15   6]
  ..., 
  [  2  12  19]
  [  0   0   5]
  [  0   3   6]]

 [[ 25  26  16]
  [ 14  15   5]
  [  8   9   0]
  ..., 
  [  7  19  25]
  [  0   3   7]
  [  0   5   8]]]
(127, 127, 3)
(127, 127, 3)
0.5 1 1
195.557 43.3871
reshaped [[[190 187 178]
  [190 187 178]
  [190 187 178]
  ..., 
  [ 75  91  90]
  [ 77  93  92]
  [ 73  89  88]]

 [[190 187 178]
  [190 187 178]
  [190 187 178]
  ..., 
  [ 70  86  86]
  [ 71  87  87]
  [ 71  87  87]]

 [[188 188 178]
  [188 188 178]
  [190 187 178]
  ..., 
  [ 68  85  85]
  [ 67  83  83]
  [ 69  85  83]]

 ..., 
 [[ 76  75  73]
  [ 71  70  69]
  [ 68  67  67]
  ..., 
  [ 50  59  75]
  [ 54  53  68]
  [ 54  56  70]]

 [[ 72  71  70]
  [ 67  66  65]
  [ 63  62  63]
  ..., 
  [ 51  60  76]
  [ 55  50  68]
  [ 54  53  68]]

 [[ 69  68  67]
  [ 63  62  62]
  [ 60  59  60]
  ..., 
  [ 52  65  78]
  [ 53  53  69]
  [ 53  55  69]]]
img [[[255 255 255]
  [255 255 255]
  [255 255 255]
  ..., 
  [ 49  63  59]
  [ 53  67  63]
  [ 45  59  55]]

 [[255 255 255]
  [255 255 255]
  [255 255 255]
  ..., 
  [ 39  53  49]
  [ 41  55  51]
  [ 41  55  51]]

 [[253 255 255]
  [253 255 255]
  [255 255 255]
  ..., 
  [ 37  51  47]
  [ 34  48  44]
  [ 37  51  45]]

 ..., 
 [[ 38  39  29]
  [ 29  30  20]
  [ 23  24  15]
  ..., 
  [  0  10  17]
  [  0   3   6]
  [  2   7  10]]

 [[ 31  32  22]
  [ 21  22  12]
  [ 14  15   6]
  ..., 
  [  2  12  19]
  [  0   0   5]
  [  0   3   6]]

 [[ 25  26  16]
  [ 14  15   5]
  [  8   9   0]
  ..., 
  [  7  19  25]
  [  0   3   7]
  [  0   5   8]]]
(127, 127, 3)
(127, 127, 3)
0.5 1 1.5
203.887 44.5686
reshaped [[[202 195 161]
  [202 195 161]
  [202 195 161]
  ..., 
  [ 81  91  85]
  [ 83  93  87]
  [ 79  89  83]]

 [[202 195 161]
  [202 195 161]
  [202 195 161]
  ..., 
  [ 75  86  81]
  [ 76  87  82]
  [ 76  87  82]]

 [[201 194 162]
  [201 194 162]
  [202 195 161]
  ..., 
  [ 74  85  80]
  [ 72  83  79]
  [ 75  85  78]]

 ..., 
 [[ 81  81  63]
  [ 76  77  59]
  [ 72  73  58]
  ..., 
  [ 49  61  73]
  [ 53  59  63]
  [ 53  61  66]]

 [[ 77  78  60]
  [ 71  72  56]
  [ 67  68  54]
  ..., 
  [ 50  62  74]
  [ 53  58  63]
  [ 53  59  63]]

 [[ 74  75  58]
  [ 67  69  53]
  [ 63  65  52]
  ..., 
  [ 53  66  77]
  [ 52  59  64]
  [ 52  60  65]]]
img [[[255 255 255]
  [255 255 255]
  [255 255 255]
  ..., 
  [ 49  63  59]
  [ 53  67  63]
  [ 45  59  55]]

 [[255 255 255]
  [255 255 255]
  [255 255 255]
  ..., 
  [ 39  53  49]
  [ 41  55  51]
  [ 41  55  51]]

 [[253 255 255]
  [253 255 255]
  [255 255 255]
  ..., 
  [ 37  51  47]
  [ 34  48  44]
  [ 37  51  45]]

 ..., 
 [[ 38  39  29]
  [ 29  30  20]
  [ 23  24  15]
  ..., 
  [  0  10  17]
  [  0   3   6]
  [  2   7  10]]

 [[ 31  32  22]
  [ 21  22  12]
  [ 14  15   6]
  ..., 
  [  2  12  19]
  [  0   0   5]
  [  0   3   6]]

 [[ 25  26  16]
  [ 14  15   5]
  [  8   9   0]
  ..., 
  [  7  19  25]
  [  0   3   7]
  [  0   5   8]]]
(127, 127, 3)
(127, 127, 3)
0.5 1.5 0.5
203.756 43.9394
reshaped [[[203 194 161]
  [203 194 161]
  [203 194 161]
  ..., 
  [ 80  92  85]
  [ 83  94  86]
  [ 78  90  83]]

 [[203 194 161]
  [203 194 161]
  [203 194 161]
  ..., 
  [ 74  87  81]
  [ 76  88  82]
  [ 76  88  82]]

 [[201 194 162]
  [201 194 162]
  [203 194 161]
  ..., 
  [ 73  86  80]
  [ 72  84  79]
  [ 74  86  78]]

 ..., 
 [[ 82  80  63]
  [ 77  75  60]
  [ 73  71  59]
  ..., 
  [ 50  60  74]
  [ 55  57  64]
  [ 55  59  66]]

 [[ 78  76  61]
  [ 73  71  57]
  [ 68  67  55]
  ..., 
  [ 51  61  74]
  [ 55  55  63]
  [ 55  57  64]]

 [[ 75  73  58]
  [ 69  67  54]
  [ 65  63  52]
  ..., 
  [ 53  65  77]
  [ 54  57  65]
  [ 54  58  65]]]
img [[[255 255 255]
  [255 255 255]
  [255 255 255]
  ..., 
  [ 49  63  59]
  [ 53  67  63]
  [ 45  59  55]]

 [[255 255 255]
  [255 255 255]
  [255 255 255]
  ..., 
  [ 39  53  49]
  [ 41  55  51]
  [ 41  55  51]]

 [[253 255 255]
  [253 255 255]
  [255 255 255]
  ..., 
  [ 37  51  47]
  [ 34  48  44]
  [ 37  51  45]]

 ..., 
 [[ 38  39  29]
  [ 29  30  20]
  [ 23  24  15]
  ..., 
  [  0  10  17]
  [  0   3   6]
  [  2   7  10]]

 [[ 31  32  22]
  [ 21  22  12]
  [ 14  15   6]
  ..., 
  [  2  12  19]
  [  0   0   5]
  [  0   3   6]]

 [[ 25  26  16]
  [ 14  15   5]
  [  8   9   0]
  ..., 
  [  7  19  25]
  [  0   3   7]
  [  0   5   8]]]
(127, 127, 3)
(127, 127, 3)
0.5 1.5 1
204.402 42.2922
reshaped [[[204 193 161]
  [204 193 161]
  [204 193 161]
  ..., 
  [ 79  93  85]
  [ 82  95  86]
  [ 77  91  83]]

 [[204 193 161]
  [204 193 161]
  [204 193 161]
  ..., 
  [ 74  88  81]
  [ 75  89  81]
  [ 75  89  81]]

 [[201 193 162]
  [201 193 162]
  [204 193 161]
  ..., 
  [ 73  87  80]
  [ 71  85  79]
  [ 73  87  78]]

 ..., 
 [[ 84  78  64]
  [ 78  73  60]
  [ 75  70  59]
  ..., 
  [ 50  59  74]
  [ 56  55  64]
  [ 56  57  67]]

 [[ 80  74  61]
  [ 74  69  57]
  [ 70  65  55]
  ..., 
  [ 52  60  75]
  [ 58  51  64]
  [ 56  55  64]]

 [[ 76  71  59]
  [ 70  65  54]
  [ 66  62  53]
  ..., 
  [ 53  65  77]
  [ 56  54  65]
  [ 55  56  66]]]
img [[[255 255 255]
  [255 255 255]
  [255 255 255]
  ..., 
  [ 49  63  59]
  [ 53  67  63]
  [ 45  59  55]]

 [[255 255 255]
  [255 255 255]
  [255 255 255]
  ..., 
  [ 39  53  49]
  [ 41  55  51]
  [ 41  55  51]]

 [[253 255 255]
  [253 255 255]
  [255 255 255]
  ..., 
  [ 37  51  47]
  [ 34  48  44]
  [ 37  51  45]]

 ..., 
 [[ 38  39  29]
  [ 29  30  20]
  [ 23  24  15]
  ..., 
  [  0  10  17]
  [  0   3   6]
  [  2   7  10]]

 [[ 31  32  22]
  [ 21  22  12]
  [ 14  15   6]
  ..., 
  [  2  12  19]
  [  0   0   5]
  [  0   3   6]]

 [[ 25  26  16]
  [ 14  15   5]
  [  8   9   0]
  ..., 
  [  7  19  25]
  [  0   3   7]
  [  0   5   8]]]
(127, 127, 3)
(127, 127, 3)
0.5 1.5 1.5
271.523 -5.83279
reshaped [[[240 250  15]
  [240 250  15]
  [240 250  15]
  ..., 
  [ 45  59  64]
  [ 49  63  69]
  [ 41  56  60]]

 [[240 250  15]
  [240 250  15]
  [240 250  15]
  ..., 
  [ 35  50  54]
  [ 37  52  56]
  [ 37  52  56]]

 [[239 249  15]
  [239 249  15]
  [240 250  15]
  ..., 
  [ 33  48  52]
  [ 30  45  49]
  [ 33  47  50]]

 ..., 
 [[ 29  37  37]
  [ 20  28  28]
  [ 15  22  22]
  ..., 
  [255  10  17]
  [252   4   8]
  [255   7  12]]

 [[ 22  30  30]
  [ 12  20  19]
  [  6  14  13]
  ..., 
  [  0  12  19]
  [251   2   7]
  [252   4   8]]

 [[ 16  24  24]
  [  6  14  12]
  [  0   8   6]
  ..., 
  [  5  19  26]
  [252   4   9]
  [253   5  10]]]
img [[[255 255 255]
  [255 255 255]
  [255 255 255]
  ..., 
  [ 49  63  59]
  [ 53  67  63]
  [ 45  59  55]]

 [[255 255 255]
  [255 255 255]
  [255 255 255]
  ..., 
  [ 39  53  49]
  [ 41  55  51]
  [ 41  55  51]]

 [[253 255 255]
  [253 255 255]
  [255 255 255]
  ..., 
  [ 37  51  47]
  [ 34  48  44]
  [ 37  51  45]]

 ..., 
 [[ 38  39  29]
  [ 29  30  20]
  [ 23  24  15]
  ..., 
  [  0  10  17]
  [  0   3   6]
  [  2   7  10]]

 [[ 31  32  22]
  [ 21  22  12]
  [ 14  15   6]
  ..., 
  [  2  12  19]
  [  0   0   5]
  [  0   3   6]]

 [[ 25  26  16]
  [ 14  15   5]
  [  8   9   0]
  ..., 
  [  7  19  25]
  [  0   3   7]
  [  0   5   8]]]
(127, 127, 3)
(127, 127, 3)
1 0.5 0.5
271.774 -4.20886
reshaped [[[241 249  15]
  [241 249  15]
  [241 249  15]
  ..., 
  [ 44  61  64]
  [ 48  65  68]
  [ 40  57  60]]

 [[241 249  15]
  [241 249  15]
  [241 249  15]
  ..., 
  [ 34  51  54]
  [ 36  53  56]
  [ 36  53  56]]

 [[239 249  15]
  [239 249  15]
  [241 249  15]
  ..., 
  [ 32  49  52]
  [ 29  46  48]
  [ 32  49  50]]

 ..., 
 [[ 30  35  38]
  [ 21  27  28]
  [ 16  21  23]
  ..., 
  [  0   9  17]
  [254   1   9]
  [  0   5  13]]

 [[ 23  28  30]
  [ 14  19  20]
  [  7  12  13]
  ..., 
  [  1  11  20]
  [254 255   8]
  [254   1   9]]

 [[ 17  23  24]
  [  7  12  12]
  [  1   6   7]
  ..., 
  [  6  18  26]
  [254   1  10]
  [254   3  10]]]
img [[[255 255 255]
  [255 255 255]
  [255 255 255]
  ..., 
  [ 49  63  59]
  [ 53  67  63]
  [ 45  59  55]]

 [[255 255 255]
  [255 255 255]
  [255 255 255]
  ..., 
  [ 39  53  49]
  [ 41  55  51]
  [ 41  55  51]]

 [[253 255 255]
  [253 255 255]
  [255 255 255]
  ..., 
  [ 37  51  47]
  [ 34  48  44]
  [ 37  51  45]]

 ..., 
 [[ 38  39  29]
  [ 29  30  20]
  [ 23  24  15]
  ..., 
  [  0  10  17]
  [  0   3   6]
  [  2   7  10]]

 [[ 31  32  22]
  [ 21  22  12]
  [ 14  15   6]
  ..., 
  [  2  12  19]
  [  0   0   5]
  [  0   3   6]]

 [[ 25  26  16]
  [ 14  15   5]
  [  8   9   0]
  ..., 
  [  7  19  25]
  [  0   3   7]
  [  0   5   8]]]
(127, 127, 3)
(127, 127, 3)
1 0.5 1
272.024 -4.43936
reshaped [[[241 248  16]
  [241 248  16]
  [241 248  16]
  ..., 
  [ 43  62  64]
  [ 47  66  68]
  [ 39  58  60]]

 [[241 248  16]
  [241 248  16]
  [241 248  16]
  ..., 
  [ 34  52  53]
  [ 35  54  55]
  [ 35  54  55]]

 [[239 248  15]
  [239 248  15]
  [241 248  16]
  ..., 
  [ 32  50  51]
  [ 29  47  48]
  [ 31  50  50]]

 ..., 
 [[ 31  34  38]
  [ 23  25  29]
  [ 17  19  23]
  ..., 
  [  0   8  18]
  [  0   0   9]
  [  0   4  13]]

 [[ 24  27  31]
  [ 15  17  20]
  [  8  10  14]
  ..., 
  [  1  10  20]
  [  0 252   9]
  [  0   0   9]]

 [[ 19  21  24]
  [  8  10  13]
  [  3   4   7]
  ..., 
  [  6  18  26]
  [  0   0  10]
  [255   2  11]]]
img [[[255 255 255]
  [255 255 255]
  [255 255 255]
  ..., 
  [ 49  63  59]
  [ 53  67  63]
  [ 45  59  55]]

 [[255 255 255]
  [255 255 255]
  [255 255 255]
  ..., 
  [ 39  53  49]
  [ 41  55  51]
  [ 41  55  51]]

 [[253 255 255]
  [253 255 255]
  [255 255 255]
  ..., 
  [ 37  51  47]
  [ 34  48  44]
  [ 37  51  45]]

 ..., 
 [[ 38  39  29]
  [ 29  30  20]
  [ 23  24  15]
  ..., 
  [  0  10  17]
  [  0   3   6]
  [  2   7  10]]

 [[ 31  32  22]
  [ 21  22  12]
  [ 14  15   6]
  ..., 
  [  2  12  19]
  [  0   0   5]
  [  0   3   6]]

 [[ 25  26  16]
  [ 14  15   5]
  [  8   9   0]
  ..., 
  [  7  19  25]
  [  0   3   7]
  [  0   5   8]]]
(127, 127, 3)
(127, 127, 3)
1 0.5 1.5
256.771 -2.50452
reshaped [[[254 255 254]
  [254 255 254]
  [254 255 254]
  ..., 
  [ 49  61  59]
  [ 53  65  63]
  [ 45  57  55]]

 [[254 255 254]
  [254 255 254]
  [254 255 254]
  ..., 
  [ 39  51  49]
  [ 41  53  51]
  [ 41  53  51]]

 [[252 255 254]
  [252 255 254]
  [254 255 254]
  ..., 
  [ 37  50  47]
  [ 34  47  44]
  [ 37  49  45]]

 ..., 
 [[ 36  40  28]
  [ 27  31  19]
  [ 21  25  14]
  ..., 
  [  0  11  16]
  [255   5   5]
  [  0   8   9]]

 [[ 29  33  21]
  [ 19  23  11]
  [ 12  16   5]
  ..., 
  [  1  13  18]
  [254   3   4]
  [255   5   5]]

 [[ 23  27  15]
  [ 12  16   4]
  [  6  10   0]
  ..., 
  [  6  19  24]
  [255   5   6]
  [255   6   7]]]
img [[[255 255 255]
  [255 255 255]
  [255 255 255]
  ..., 
  [ 49  63  59]
  [ 53  67  63]
  [ 45  59  55]]

 [[255 255 255]
  [255 255 255]
  [255 255 255]
  ..., 
  [ 39  53  49]
  [ 41  55  51]
  [ 41  55  51]]

 [[253 255 255]
  [253 255 255]
  [255 255 255]
  ..., 
  [ 37  51  47]
  [ 34  48  44]
  [ 37  51  45]]

 ..., 
 [[ 38  39  29]
  [ 29  30  20]
  [ 23  24  15]
  ..., 
  [  0  10  17]
  [  0   3   6]
  [  2   7  10]]

 [[ 31  32  22]
  [ 21  22  12]
  [ 14  15   6]
  ..., 
  [  2  12  19]
  [  0   0   5]
  [  0   3   6]]

 [[ 25  26  16]
  [ 14  15   5]
  [  8   9   0]
  ..., 
  [  7  19  25]
  [  0   3   7]
  [  0   5   8]]]
(127, 127, 3)
(127, 127, 3)
1 1 0.5
255.0 -3.8147e-05
reshaped [[[255 254 255]
  [255 254 255]
  [255 254 255]
  ..., 
  [ 48  63  59]
  [ 52  67  63]
  [ 44  59  55]]

 [[255 254 255]
  [255 254 255]
  [255 254 255]
  ..., 
  [ 38  53  49]
  [ 40  55  51]
  [ 40  55  51]]

 [[253 254 254]
  [253 254 254]
  [255 254 255]
  ..., 
  [ 36  51  47]
  [ 33  48  44]
  [ 36  51  45]]

 ..., 
 [[ 37  39  29]
  [ 28  30  20]
  [ 22  24  15]
  ..., 
  [  0   9  17]
  [  0   3   6]
  [  1   7  10]]

 [[ 30  32  22]
  [ 20  22  12]
  [ 13  15   6]
  ..., 
  [  1  12  19]
  [  0   0   5]
  [  0   3   6]]

 [[ 24  26  16]
  [ 13  15   5]
  [  7   9   0]
  ..., 
  [  6  19  25]
  [  0   3   7]
  [  0   5   8]]]
img [[[255 255 255]
  [255 255 255]
  [255 255 255]
  ..., 
  [ 49  63  59]
  [ 53  67  63]
  [ 45  59  55]]

 [[255 255 255]
  [255 255 255]
  [255 255 255]
  ..., 
  [ 39  53  49]
  [ 41  55  51]
  [ 41  55  51]]

 [[253 255 255]
  [253 255 255]
  [255 255 255]
  ..., 
  [ 37  51  47]
  [ 34  48  44]
  [ 37  51  45]]

 ..., 
 [[ 38  39  29]
  [ 29  30  20]
  [ 23  24  15]
  ..., 
  [  0  10  17]
  [  0   3   6]
  [  2   7  10]]

 [[ 31  32  22]
  [ 21  22  12]
  [ 14  15   6]
  ..., 
  [  2  12  19]
  [  0   0   5]
  [  0   3   6]]

 [[ 25  26  16]
  [ 14  15   5]
  [  8   9   0]
  ..., 
  [  7  19  25]
  [  0   3   7]
  [  0   5   8]]]
(127, 127, 3)
(127, 127, 3)
1 1 1
255.911 -3.29497
reshaped [[[255 254 255]
  [255 254 255]
  [255 254 255]
  ..., 
  [ 48  64  58]
  [ 52  68  62]
  [ 44  60  54]]

 [[255 254 255]
  [255 254 255]
  [255 254 255]
  ..., 
  [ 38  54  48]
  [ 40  56  50]
  [ 40  56  50]]

 [[253 254 255]
  [253 254 255]
  [255 254 255]
  ..., 
  [ 36  51  46]
  [ 33  48  43]
  [ 36  52  44]]

 ..., 
 [[ 39  37  29]
  [ 30  28  20]
  [ 24  22  15]
  ..., 
  [  0   8  17]
  [  1   0   6]
  [  3   5  10]]

 [[ 32  30  22]
  [ 22  20  12]
  [ 15  13   6]
  ..., 
  [  2  10  19]
  [  2 253   5]
  [  1   0   6]]

 [[ 26  24  16]
  [ 15  13   5]
  [  9   7   0]
  ..., 
  [  7  18  25]
  [  1   0   7]
  [  1   3   8]]]
img [[[255 255 255]
  [255 255 255]
  [255 255 255]
  ..., 
  [ 49  63  59]
  [ 53  67  63]
  [ 45  59  55]]

 [[255 255 255]
  [255 255 255]
  [255 255 255]
  ..., 
  [ 39  53  49]
  [ 41  55  51]
  [ 41  55  51]]

 [[253 255 255]
  [253 255 255]
  [255 255 255]
  ..., 
  [ 37  51  47]
  [ 34  48  44]
  [ 37  51  45]]

 ..., 
 [[ 38  39  29]
  [ 29  30  20]
  [ 23  24  15]
  ..., 
  [  0  10  17]
  [  0   3   6]
  [  2   7  10]]

 [[ 31  32  22]
  [ 21  22  12]
  [ 14  15   6]
  ..., 
  [  2  12  19]
  [  0   0   5]
  [  0   3   6]]

 [[ 25  26  16]
  [ 14  15   5]
  [  8   9   0]
  ..., 
  [  7  19  25]
  [  0   3   7]
  [  0   5   8]]]
(127, 127, 3)
(127, 127, 3)
1 1 1.5
268.128 -7.87852
reshaped [[[ 12   5 237]
  [ 12   5 237]
  [ 12   5 237]
  ..., 
  [ 54  63  53]
  [ 58  67  57]
  [ 50  59  49]]

 [[ 12   5 237]
  [ 12   5 237]
  [ 12   5 237]
  ..., 
  [ 43  53  44]
  [ 46  55  46]
  [ 46  55  46]]

 [[ 10   5 238]
  [ 10   5 238]
  [ 12   5 237]
  ..., 
  [ 41  51  42]
  [ 38  48  39]
  [ 42  51  39]]

 ..., 
 [[ 44  43  19]
  [ 34  34  10]
  [ 28  28   6]
  ..., 
  [  0  11  15]
  [  0   6   2]
  [  3   9   6]]

 [[ 37  36  12]
  [ 26  26   3]
  [ 19  19 254]
  ..., 
  [  2  13  17]
  [  0   4   0]
  [  0   6   2]]

 [[ 30  30   7]
  [ 19  19 253]
  [ 12  13 249]
  ..., 
  [  7  19  23]
  [  0   6   3]
  [  1   7   4]]]
img [[[255 255 255]
  [255 255 255]
  [255 255 255]
  ..., 
  [ 49  63  59]
  [ 53  67  63]
  [ 45  59  55]]

 [[255 255 255]
  [255 255 255]
  [255 255 255]
  ..., 
  [ 39  53  49]
  [ 41  55  51]
  [ 41  55  51]]

 [[253 255 255]
  [253 255 255]
  [255 255 255]
  ..., 
  [ 37  51  47]
  [ 34  48  44]
  [ 37  51  45]]

 ..., 
 [[ 38  39  29]
  [ 29  30  20]
  [ 23  24  15]
  ..., 
  [  0  10  17]
  [  0   3   6]
  [  2   7  10]]

 [[ 31  32  22]
  [ 21  22  12]
  [ 14  15   6]
  ..., 
  [  2  12  19]
  [  0   0   5]
  [  0   3   6]]

 [[ 25  26  16]
  [ 14  15   5]
  [  8   9   0]
  ..., 
  [  7  19  25]
  [  0   3   7]
  [  0   5   8]]]
(127, 127, 3)
(127, 127, 3)
1 1.5 0.5
268.845 -7.40222
reshaped [[[ 12   4 238]
  [ 12   4 238]
  [ 12   4 238]
  ..., 
  [ 53  64  53]
  [ 57  68  57]
  [ 49  60  49]]

 [[ 12   4 238]
  [ 12   4 238]
  [ 12   4 238]
  ..., 
  [ 43  54  43]
  [ 45  56  45]
  [ 45  56  45]]

 [[ 10   4 238]
  [ 10   4 238]
  [ 12   4 238]
  ..., 
  [ 41  52  41]
  [ 38  49  39]
  [ 41  52  39]]

 ..., 
 [[ 45  42  19]
  [ 36  32  11]
  [ 29  26   6]
  ..., 
  [  0  10  16]
  [  2   4   2]
  [  4   8   6]]

 [[ 38  35  13]
  [ 27  24   3]
  [ 20  17 255]
  ..., 
  [  2  12  17]
  [  2   1   1]
  [  2   4   2]]

 [[ 32  28   7]
  [ 20  17 254]
  [ 14  11 249]
  ..., 
  [  7  19  23]
  [  2   4   3]
  [  2   6   5]]]
img [[[255 255 255]
  [255 255 255]
  [255 255 255]
  ..., 
  [ 49  63  59]
  [ 53  67  63]
  [ 45  59  55]]

 [[255 255 255]
  [255 255 255]
  [255 255 255]
  ..., 
  [ 39  53  49]
  [ 41  55  51]
  [ 41  55  51]]

 [[253 255 255]
  [253 255 255]
  [255 255 255]
  ..., 
  [ 37  51  47]
  [ 34  48  44]
  [ 37  51  45]]

 ..., 
 [[ 38  39  29]
  [ 29  30  20]
  [ 23  24  15]
  ..., 
  [  0  10  17]
  [  0   3   6]
  [  2   7  10]]

 [[ 31  32  22]
  [ 21  22  12]
  [ 14  15   6]
  ..., 
  [  2  12  19]
  [  0   0   5]
  [  0   3   6]]

 [[ 25  26  16]
  [ 14  15   5]
  [  8   9   0]
  ..., 
  [  7  19  25]
  [  0   3   7]
  [  0   5   8]]]
(127, 127, 3)
(127, 127, 3)
1 1.5 1
269.563 -6.9259
reshaped [[[ 13   3 238]
  [ 13   3 238]
  [ 13   3 238]
  ..., 
  [ 52  66  53]
  [ 56  70  56]
  [ 48  61  49]]

 [[ 13   3 238]
  [ 13   3 238]
  [ 13   3 238]
  ..., 
  [ 42  55  43]
  [ 44  57  45]
  [ 44  57  45]]

 [[ 10   4 238]
  [ 10   4 238]
  [ 13   3 238]
  ..., 
  [ 40  53  41]
  [ 37  50  38]
  [ 40  54  39]]

 ..., 
 [[ 46  40  20]
  [ 37  31  11]
  [ 30  25   7]
  ..., 
  [  1   9  16]
  [  4   1   3]
  [  5   6   7]]

 [[ 39  33  13]
  [ 29  23   4]
  [ 21  15 255]
  ..., 
  [  3  11  18]
  [  5 254   2]
  [  4   1   3]]

 [[ 33  27   7]
  [ 21  15 254]
  [ 15   9 250]
  ..., 
  [  8  18  23]
  [  4   1   4]
  [  3   4   5]]]
img [[[255 255 255]
  [255 255 255]
  [255 255 255]
  ..., 
  [ 49  63  59]
  [ 53  67  63]
  [ 45  59  55]]

 [[255 255 255]
  [255 255 255]
  [255 255 255]
  ..., 
  [ 39  53  49]
  [ 41  55  51]
  [ 41  55  51]]

 [[253 255 255]
  [253 255 255]
  [255 255 255]
  ..., 
  [ 37  51  47]
  [ 34  48  44]
  [ 37  51  45]]

 ..., 
 [[ 38  39  29]
  [ 29  30  20]
  [ 23  24  15]
  ..., 
  [  0  10  17]
  [  0   3   6]
  [  2   7  10]]

 [[ 31  32  22]
  [ 21  22  12]
  [ 14  15   6]
  ..., 
  [  2  12  19]
  [  0   0   5]
  [  0   3   6]]

 [[ 25  26  16]
  [ 14  15   5]
  [  8   9   0]
  ..., 
  [  7  19  25]
  [  0   3   7]
  [  0   5   8]]]
(127, 127, 3)
(127, 127, 3)
1 1.5 1.5
348.262 -59.4417
reshaped [[[ 49  60  92]
  [ 49  60  92]
  [ 49  60  92]
  ..., 
  [ 18  32  32]
  [ 23  38  39]
  [ 12  26  26]]

 [[ 49  60  92]
  [ 49  60  92]
  [ 49  60  92]
  ..., 
  [  3  17  16]
  [  6  20  20]
  [  6  20  20]]

 [[ 48  60  91]
  [ 48  60  91]
  [ 49  60  92]
  ..., 
  [  0  14  13]
  [253  10   8]
  [  0  14  11]]

 ..., 
 [[248   0 250]
  [236 243 236]
  [227 234 227]
  ..., 
  [206 217 216]
  [200 207 204]
  [204 213 209]]

 [[238 246 239]
  [224 231 223]
  [214 221 213]
  ..., 
  [208 220 219]
  [198 205 202]
  [200 207 204]]

 [[230 237 229]
  [214 221 212]
  [206 212 203]
  ..., 
  [217 229 229]
  [200 208 205]
  [201 210 206]]]
img [[[255 255 255]
  [255 255 255]
  [255 255 255]
  ..., 
  [ 49  63  59]
  [ 53  67  63]
  [ 45  59  55]]

 [[255 255 255]
  [255 255 255]
  [255 255 255]
  ..., 
  [ 39  53  49]
  [ 41  55  51]
  [ 41  55  51]]

 [[253 255 255]
  [253 255 255]
  [255 255 255]
  ..., 
  [ 37  51  47]
  [ 34  48  44]
  [ 37  51  45]]

 ..., 
 [[ 38  39  29]
  [ 29  30  20]
  [ 23  24  15]
  ..., 
  [  0  10  17]
  [  0   3   6]
  [  2   7  10]]

 [[ 31  32  22]
  [ 21  22  12]
  [ 14  15   6]
  ..., 
  [  2  12  19]
  [  0   0   5]
  [  0   3   6]]

 [[ 25  26  16]
  [ 14  15   5]
  [  8   9   0]
  ..., 
  [  7  19  25]
  [  0   3   7]
  [  0   5   8]]]
(127, 127, 3)
(127, 127, 3)
1.5 0.5 0.5
348.512 -58.3327
reshaped [[[ 50  59  92]
  [ 50  59  92]
  [ 50  59  92]
  ..., 
  [ 17  33  32]
  [ 22  39  39]
  [ 11  27  26]]

 [[ 50  59  92]
  [ 50  59  92]
  [ 50  59  92]
  ..., 
  [  3  18  16]
  [  5  21  19]
  [  5  21  19]]

 [[ 48  59  91]
  [ 48  59  91]
  [ 50  59  92]
  ..., 
  [  0  15  13]
  [252  11   8]
  [  0  15  11]]

 ..., 
 [[250 254 251]
  [237 241 236]
  [229 233 227]
  ..., 
  [206 216 216]
  [201 205 204]
  [205 211 210]]

 [[240 244 239]
  [225 229 223]
  [216 219 213]
  ..., 
  [209 219 220]
  [201 201 203]
  [201 205 204]]

 [[231 235 230]
  [215 219 212]
  [207 211 204]
  ..., 
  [217 229 229]
  [202 205 205]
  [202 208 207]]]
img [[[255 255 255]
  [255 255 255]
  [255 255 255]
  ..., 
  [ 49  63  59]
  [ 53  67  63]
  [ 45  59  55]]

 [[255 255 255]
  [255 255 255]
  [255 255 255]
  ..., 
  [ 39  53  49]
  [ 41  55  51]
  [ 41  55  51]]

 [[253 255 255]
  [253 255 255]
  [255 255 255]
  ..., 
  [ 37  51  47]
  [ 34  48  44]
  [ 37  51  45]]

 ..., 
 [[ 38  39  29]
  [ 29  30  20]
  [ 23  24  15]
  ..., 
  [  0  10  17]
  [  0   3   6]
  [  2   7  10]]

 [[ 31  32  22]
  [ 21  22  12]
  [ 14  15   6]
  ..., 
  [  2  12  19]
  [  0   0   5]
  [  0   3   6]]

 [[ 25  26  16]
  [ 14  15   5]
  [  8   9   0]
  ..., 
  [  7  19  25]
  [  0   3   7]
  [  0   5   8]]]
(127, 127, 3)
(127, 127, 3)
1.5 0.5 1
348.763 -58.4565
reshaped [[[ 51  58  92]
  [ 51  58  92]
  [ 51  58  92]
  ..., 
  [ 16  34  32]
  [ 22  40  38]
  [ 10  28  26]]

 [[ 51  58  92]
  [ 51  58  92]
  [ 51  58  92]
  ..., 
  [  2  19  16]
  [  5  22  19]
  [  5  22  19]]

 [[ 48  59  91]
  [ 48  59  91]
  [ 51  58  92]
  ..., 
  [  0  16  13]
  [252  12   8]
  [255  16  11]]

 ..., 
 [[251 253 251]
  [238 239 237]
  [230 231 228]
  ..., 
  [207 215 217]
  [203 203 205]
  [207 209 210]]

 [[241 242 240]
  [227 228 224]
  [217 218 214]
  ..., 
  [210 218 220]
  [203 198 203]
  [203 203 205]]

 [[232 233 230]
  [217 217 213]
  [209 209 204]
  ..., 
  [217 228 229]
  [204 203 206]
  [204 206 207]]]
img [[[255 255 255]
  [255 255 255]
  [255 255 255]
  ..., 
  [ 49  63  59]
  [ 53  67  63]
  [ 45  59  55]]

 [[255 255 255]
  [255 255 255]
  [255 255 255]
  ..., 
  [ 39  53  49]
  [ 41  55  51]
  [ 41  55  51]]

 [[253 255 255]
  [253 255 255]
  [255 255 255]
  ..., 
  [ 37  51  47]
  [ 34  48  44]
  [ 37  51  45]]

 ..., 
 [[ 38  39  29]
  [ 29  30  20]
  [ 23  24  15]
  ..., 
  [  0  10  17]
  [  0   3   6]
  [  2   7  10]]

 [[ 31  32  22]
  [ 21  22  12]
  [ 14  15   6]
  ..., 
  [  2  12  19]
  [  0   0   5]
  [  0   3   6]]

 [[ 25  26  16]
  [ 14  15   5]
  [  8   9   0]
  ..., 
  [  7  19  25]
  [  0   3   7]
  [  0   5   8]]]
(127, 127, 3)
(127, 127, 3)
1.5 0.5 1.5
331.488 -63.7865
reshaped [[[ 63  66  75]
  [ 63  66  75]
  [ 63  66  75]
  ..., 
  [ 22  34  27]
  [ 28  40  33]
  [ 16  28  21]]

 [[ 63  66  75]
  [ 63  66  75]
  [ 63  66  75]
  ..., 
  [  7  19  11]
  [ 10  22  14]
  [ 10  22  14]]

 [[ 61  65  75]
  [ 61  65  75]
  [ 63  66  75]
  ..., 
  [  5  16   8]
  [  0  12   4]
  [  4  16   6]]

 ..., 
 [[  0   2 241]
  [243 246 227]
  [234 237 219]
  ..., 
  [206 217 215]
  [202 209 200]
  [206 214 206]]

 [[246 249 230]
  [231 234 215]
  [221 224 205]
  ..., 
  [209 220 218]
  [201 206 198]
  [202 209 200]]

 [[237 240 221]
  [221 224 204]
  [212 215 196]
  ..., 
  [218 229 228]
  [203 209 201]
  [203 211 203]]]
img [[[255 255 255]
  [255 255 255]
  [255 255 255]
  ..., 
  [ 49  63  59]
  [ 53  67  63]
  [ 45  59  55]]

 [[255 255 255]
  [255 255 255]
  [255 255 255]
  ..., 
  [ 39  53  49]
  [ 41  55  51]
  [ 41  55  51]]

 [[253 255 255]
  [253 255 255]
  [255 255 255]
  ..., 
  [ 37  51  47]
  [ 34  48  44]
  [ 37  51  45]]

 ..., 
 [[ 38  39  29]
  [ 29  30  20]
  [ 23  24  15]
  ..., 
  [  0  10  17]
  [  0   3   6]
  [  2   7  10]]

 [[ 31  32  22]
  [ 21  22  12]
  [ 14  15   6]
  ..., 
  [  2  12  19]
  [  0   0   5]
  [  0   3   6]]

 [[ 25  26  16]
  [ 14  15   5]
  [  8   9   0]
  ..., 
  [  7  19  25]
  [  0   3   7]
  [  0   5   8]]]
(127, 127, 3)
(127, 127, 3)
1.5 1 0.5
331.739 -63.1345
reshaped [[[ 64  65  75]
  [ 64  65  75]
  [ 64  65  75]
  ..., 
  [ 21  35  27]
  [ 27  41  33]
  [ 16  29  20]]

 [[ 64  65  75]
  [ 64  65  75]
  [ 64  65  75]
  ..., 
  [  7  20  11]
  [ 10  23  14]
  [ 10  23  14]]

 [[ 61  65  75]
  [ 61  65  75]
  [ 64  65  75]
  ..., 
  [  4  17   8]
  [  0  13   3]
  [  3  17   6]]

 ..., 
 [[  0   0 241]
  [244 244 227]
  [235 235 219]
  ..., 
  [207 216 215]
  [204 206 201]
  [208 212 207]]

 [[247 247 231]
  [232 232 215]
  [222 222 205]
  ..., 
  [210 219 218]
  [204 202 199]
  [204 206 201]]

 [[238 238 221]
  [222 222 204]
  [213 213 196]
  ..., 
  [218 229 228]
  [204 206 202]
  [205 209 204]]]
img [[[255 255 255]
  [255 255 255]
  [255 255 255]
  ..., 
  [ 49  63  59]
  [ 53  67  63]
  [ 45  59  55]]

 [[255 255 255]
  [255 255 255]
  [255 255 255]
  ..., 
  [ 39  53  49]
  [ 41  55  51]
  [ 41  55  51]]

 [[253 255 255]
  [253 255 255]
  [255 255 255]
  ..., 
  [ 37  51  47]
  [ 34  48  44]
  [ 37  51  45]]

 ..., 
 [[ 38  39  29]
  [ 29  30  20]
  [ 23  24  15]
  ..., 
  [  0  10  17]
  [  0   3   6]
  [  2   7  10]]

 [[ 31  32  22]
  [ 21  22  12]
  [ 14  15   6]
  ..., 
  [  2  12  19]
  [  0   0   5]
  [  0   3   6]]

 [[ 25  26  16]
  [ 14  15   5]
  [  8   9   0]
  ..., 
  [  7  19  25]
  [  0   3   7]
  [  0   5   8]]]
(127, 127, 3)
(127, 127, 3)
1.5 1 1
331.989 -62.4825
reshaped [[[ 64  64  75]
  [ 64  64  75]
  [ 64  64  75]
  ..., 
  [ 21  36  26]
  [ 26  42  32]
  [ 15  30  20]]

 [[ 64  64  75]
  [ 64  64  75]
  [ 64  64  75]
  ..., 
  [  6  21  11]
  [  9  24  14]
  [  9  24  14]]

 [[ 62  64  75]
  [ 62  64  75]
  [ 64  64  75]
  ..., 
  [  3  18   8]
  [  0  14   3]
  [  3  18   5]]

 ..., 
 [[  1   0 242]
  [245 242 228]
  [237 234 220]
  ..., 
  [208 215 216]
  [206 204 202]
  [209 210 207]]

 [[248 245 231]
  [233 230 216]
  [223 220 206]
  ..., 
  [211 218 219]
  [206 199 200]
  [206 204 202]]

 [[239 236 222]
  [223 220 205]
  [215 211 197]
  ..., 
  [218 228 228]
  [206 204 203]
  [206 207 204]]]
img [[[255 255 255]
  [255 255 255]
  [255 255 255]
  ..., 
  [ 49  63  59]
  [ 53  67  63]
  [ 45  59  55]]

 [[255 255 255]
  [255 255 255]
  [255 255 255]
  ..., 
  [ 39  53  49]
  [ 41  55  51]
  [ 41  55  51]]

 [[253 255 255]
  [253 255 255]
  [255 255 255]
  ..., 
  [ 37  51  47]
  [ 34  48  44]
  [ 37  51  45]]

 ..., 
 [[ 38  39  29]
  [ 29  30  20]
  [ 23  24  15]
  ..., 
  [  0  10  17]
  [  0   3   6]
  [  2   7  10]]

 [[ 31  32  22]
  [ 21  22  12]
  [ 14  15   6]
  ..., 
  [  2  12  19]
  [  0   0   5]
  [  0   3   6]]

 [[ 25  26  16]
  [ 14  15   5]
  [  8   9   0]
  ..., 
  [  7  19  25]
  [  0   3   7]
  [  0   5   8]]]
(127, 127, 3)
(127, 127, 3)
1.5 1 1.5
333.288 -68.6868
reshaped [[[ 77  72  58]
  [ 77  72  58]
  [ 77  72  58]
  ..., 
  [ 27  36  21]
  [ 33  42  27]
  [ 21  30  15]]

 [[ 77  72  58]
  [ 77  72  58]
  [ 77  72  58]
  ..., 
  [ 12  21   6]
  [ 15  24   9]
  [ 15  24   9]]

 [[ 74  71  58]
  [ 74  71  58]
  [ 77  72  58]
  ..., 
  [  9  18   3]
  [  4  13   0]
  [  9  18   0]]

 ..., 
 [[  6   5 232]
  [250 249 218]
  [241 240 211]
  ..., 
  [207 218 214]
  [205 210 197]
  [209 215 203]]

 [[253 252 221]
  [238 237 206]
  [227 227 197]
  ..., 
  [210 221 217]
  [204 207 195]
  [205 210 197]]

 [[244 243 212]
  [227 226 196]
  [218 218 188]
  ..., 
  [219 230 226]
  [205 210 198]
  [206 212 200]]]
img [[[255 255 255]
  [255 255 255]
  [255 255 255]
  ..., 
  [ 49  63  59]
  [ 53  67  63]
  [ 45  59  55]]

 [[255 255 255]
  [255 255 255]
  [255 255 255]
  ..., 
  [ 39  53  49]
  [ 41  55  51]
  [ 41  55  51]]

 [[253 255 255]
  [253 255 255]
  [255 255 255]
  ..., 
  [ 37  51  47]
  [ 34  48  44]
  [ 37  51  45]]

 ..., 
 [[ 38  39  29]
  [ 29  30  20]
  [ 23  24  15]
  ..., 
  [  0  10  17]
  [  0   3   6]
  [  2   7  10]]

 [[ 31  32  22]
  [ 21  22  12]
  [ 14  15   6]
  ..., 
  [  2  12  19]
  [  0   0   5]
  [  0   3   6]]

 [[ 25  26  16]
  [ 14  15   5]
  [  8   9   0]
  ..., 
  [  7  19  25]
  [  0   3   7]
  [  0   5   8]]]
(127, 127, 3)
(127, 127, 3)
1.5 1.5 0.5
334.006 -67.9856
reshaped [[[ 78  71  58]
  [ 78  71  58]
  [ 78  71  58]
  ..., 
  [ 26  37  21]
  [ 32  43  27]
  [ 20  31  15]]

 [[ 78  71  58]
  [ 78  71  58]
  [ 78  71  58]
  ..., 
  [ 11  22   6]
  [ 14  25   9]
  [ 14  25   9]]

 [[ 75  70  59]
  [ 75  70  59]
  [ 78  71  58]
  ..., 
  [  8  19   3]
  [  3  14 255]
  [  8  19   0]]

 ..., 
 [[  8   3 232]
  [251 247 219]
  [242 238 211]
  ..., 
  [208 216 214]
  [207 207 198]
  [210 213 204]]

 [[254 250 222]
  [239 235 207]
  [228 225 198]
  ..., 
  [211 219 217]
  [206 204 196]
  [207 207 198]]

 [[245 241 213]
  [228 225 196]
  [219 216 189]
  ..., 
  [219 229 227]
  [207 207 199]
  [207 210 201]]]
img [[[255 255 255]
  [255 255 255]
  [255 255 255]
  ..., 
  [ 49  63  59]
  [ 53  67  63]
  [ 45  59  55]]

 [[255 255 255]
  [255 255 255]
  [255 255 255]
  ..., 
  [ 39  53  49]
  [ 41  55  51]
  [ 41  55  51]]

 [[253 255 255]
  [253 255 255]
  [255 255 255]
  ..., 
  [ 37  51  47]
  [ 34  48  44]
  [ 37  51  45]]

 ..., 
 [[ 38  39  29]
  [ 29  30  20]
  [ 23  24  15]
  ..., 
  [  0  10  17]
  [  0   3   6]
  [  2   7  10]]

 [[ 31  32  22]
  [ 21  22  12]
  [ 14  15   6]
  ..., 
  [  2  12  19]
  [  0   0   5]
  [  0   3   6]]

 [[ 25  26  16]
  [ 14  15   5]
  [  8   9   0]
  ..., 
  [  7  19  25]
  [  0   3   7]
  [  0   5   8]]]
(127, 127, 3)
(127, 127, 3)
1.5 1.5 1
334.724 -67.2843
reshaped [[[ 78  70  59]
  [ 78  70  59]
  [ 78  70  59]
  ..., 
  [ 25  38  21]
  [ 31  44  27]
  [ 19  32  15]]

 [[ 78  70  59]
  [ 78  70  59]
  [ 78  70  59]
  ..., 
  [ 10  23   6]
  [ 13  26   9]
  [ 13  26   9]]

 [[ 75  70  59]
  [ 75  70  59]
  [ 78  70  59]
  ..., 
  [  7  20   3]
  [  3  15 255]
  [  7  20   0]]

 ..., 
 [[  9   2 233]
  [252 245 219]
  [243 236 212]
  ..., 
  [209 215 215]
  [209 205 198]
  [212 211 204]]

 [[255 248 222]
  [240 233 207]
  [230 223 198]
  ..., 
  [212 218 218]
  [209 200 197]
  [209 205 198]]

 [[246 239 213]
  [230 223 197]
  [221 214 189]
  ..., 
  [219 229 227]
  [209 205 200]
  [209 208 201]]]
img [[[255 255 255]
  [255 255 255]
  [255 255 255]
  ..., 
  [ 49  63  59]
  [ 53  67  63]
  [ 45  59  55]]

 [[255 255 255]
  [255 255 255]
  [255 255 255]
  ..., 
  [ 39  53  49]
  [ 41  55  51]
  [ 41  55  51]]

 [[253 255 255]
  [253 255 255]
  [255 255 255]
  ..., 
  [ 37  51  47]
  [ 34  48  44]
  [ 37  51  45]]

 ..., 
 [[ 38  39  29]
  [ 29  30  20]
  [ 23  24  15]
  ..., 
  [  0  10  17]
  [  0   3   6]
  [  2   7  10]]

 [[ 31  32  22]
  [ 21  22  12]
  [ 14  15   6]
  ..., 
  [  2  12  19]
  [  0   0   5]
  [  0   3   6]]

 [[ 25  26  16]
  [ 14  15   5]
  [  8   9   0]
  ..., 
  [  7  19  25]
  [  0   3   7]
  [  0   5   8]]]
(127, 127, 3)
(127, 127, 3)
1.5 1.5 1.5
